time = [0, 0, 15, 62, 156, 156, 281, 297, 297, 297, 297, 297, 312, 312, 359, 359, 359, 359, 375, 375, 375, 578, 578, 719, 719, 828, 828, 890, 890, 922, 922, 953, 953, 953, 953, 969, 969, 969, 969, 1031, 1031, 1078, 1078, 1109, 1109, 1109, 1109, 1234, 1234, 1297, 1297, 1359, 1359, 1359, 1359, 1375, 1375, 1390, 1390, 1469, 1469, 1531, 1531, 1531, 1531, 1625, 1625, 1656, 1656, 1812, 1812, 1875, 1875, 1906, 1906, 1969, 1969, 1984, 1984, 2031, 2031, 2047, 2047, 2094, 2094, 2140, 2140, 2172, 2172, 2250, 2250, 2312, 2312, 2344, 2344, 2531, 2531, 2547, 2547, 2547, 2547, 2703, 2703, 2734, 2734, 2734, 2734, 2765, 2765, 2797, 2797, 2812, 2812, 2906, 2906, 2906, 2906, 2984, 2984, 3031, 3031, 3078, 3078, 3172, 3172, 3187, 3187, 3265, 3265, 3265, 3265, 3297, 3297, 3344, 3344, 3437, 3437, 3484, 3484, 3515, 3515, 3578, 3578, 3719, 3719, 3781, 3781, 3797, 3797, 3844, 3844, 3844, 3844, 3906, 3906, 4015, 4015, 4062, 4062, 4109, 4109, 4187, 4187, 4234, 4234, 4265, 4265, 4265, 4265, 4344, 4344, 4359, 4359, 4375, 4375, 4469, 4469, 4484, 4484, 4484, 4484, 4656, 4656, 4687, 4687, 4703, 4703, 4719, 4719, 4828, 4828, 4890, 4890, 4890, 4890, 4953, 4953, 4953, 4953, 5047, 5047, 5062, 5062, 5172, 5172, 5203, 5203, 5234, 5234, 5281, 5281, 5312, 5312, 5375, 5375, 5406, 5406, 5437, 5437, 5562, 5562, 5578, 5578, 5609, 5609, 5625, 5625, 5672, 5672, 5703, 5703, 5719, 5719, 5765, 5765, 5765, 5765, 5828, 5828, 5875, 5875, 5984, 5984, 6078, 6078, 6094, 6094, 6140, 6140, 6156, 6156, 6265, 6265, 6422, 6422, 6469, 6469, 6515, 6515, 6594, 6594, 6640, 6640, 6656, 6656, 6719, 6719, 6797, 6797, 6906, 6906, 6953, 6953, 6953, 6953, 7000, 7000, 7078, 7078, 7109, 7109, 7219, 7219, 7250, 7250, 7297, 7297, 7312, 7312, 7312, 7312, 7328, 7328, 7390, 7390, 7406, 7406, 7406, 7406, 7500, 7500, 7515, 7515, 7578, 7578, 7594, 7594, 7609, 7609, 7750, 7750, 7812, 7812, 7969, 7969, 8047, 8047, 8078, 8078, 8140, 8140, 8140, 8140, 8172, 8172, 8203, 8203, 8219, 8219, 8250, 8250, 8344, 8344, 8437, 8437, 8437, 8437, 8469, 8469, 8484, 8484, 8484, 8484, 8594, 8594, 8656, 8656, 8687, 8687, 8719, 8719, 8765, 8765, 8797, 8797, 8875, 8875, 8890, 8890, 8890, 8890, 8890, 8890, 8906, 8906, 9125, 9125, 9234, 9234, 9234, 9234, 9234, 9234, 9265, 9265, 9406, 9406, 9422, 9422, 9500, 9500, 9515, 9515, 9531, 9531, 9625, 9625, 9640, 9640, 9703, 9703, 9765, 9765, 9844, 9844, 9859, 9859, 9906, 9906, 9969, 9969, 9984, 9984, 10000, 10000, 10156, 10156, 10156, 10156, 10187, 10187, 10203, 10203, 10265, 10265, 10328, 10328, 10328, 10328, 10328, 10328, 10437, 10437, 10453, 10453, 10547, 10547, 10625, 10625, 10703, 10703, 10719, 10719, 10781, 10781, 10859, 10859, 10937, 10937, 10969, 10969, 11000, 11000, 11062, 11062, 11062, 11062, 11125, 11125, 11250, 11250, 11312, 11312, 11406, 11406, 11437, 11437, 11453, 11453, 11484, 11484, 11547, 11547, 11625, 11625, 11703, 11703, 11781, 11781, 11828, 11828, 11828, 11828, 11922, 11922, 12000, 12000, 12031, 12031, 12047, 12047, 12062, 12062, 12156, 12156, 12187, 12187, 12265, 12265, 12297, 12297, 12328, 12328, 12453, 12453, 12453, 12453, 12547, 12547, 12625, 12625, 12672, 12672, 12765, 12765, 12781, 12781, 12844, 12844, 12844, 12844, 12859, 12859, 12875, 12875, 12890, 12890, 12906, 12906, 13219, 13219, 13219, 13219, 13359, 13359, 13390, 13390, 13422, 13422, 13453, 13453, 13500, 13500, 13515, 13515, 13562, 13562, 13562, 13562, 13609, 13609, 13625, 13625, 13656, 13656, 13687, 13687, 13844, 13844, 13859, 13859, 13875, 13875, 13922, 13922, 13922, 13922, 14000, 14000, 14156, 14156, 14187, 14187, 14219, 14219, 14234, 14234, 14250, 14250, 14406, 14406, 14406, 14406, 14484, 14484, 14547, 14547, 14562, 14562, 14687, 14687, 14781, 14781, 14812, 14812, 14859, 14859, 14906, 14906, 14937, 14937, 15000, 15000, 15031, 15031, 15125, 15125, 15156, 15156, 15172, 15172, 15172, 15172, 15172, 15172, 15187, 15187, 15234, 15234, 15312, 15312, 15484, 15484, 15531, 15531, 15531, 15531, 15547, 15547, 15578, 15578, 15734, 15734, 15750, 15750, 15765, 15765, 15844, 15844, 16000, 16000, 16031, 16031, 16031, 16031, 16047, 16047, 16062, 16062, 16094, 16094, 16156, 16156, 16234, 16234, 16234, 16234, 16297, 16297, 16515, 16515, 16515, 16515, 16547, 16547, 16578, 16578, 16703, 16703, 16765, 16765, 16781, 16781, 16797, 16797, 16844, 16844, 16937, 16937, 16953, 16953, 17062, 17062, 17125, 17125, 17140, 17140, 17219, 17219, 17281, 17281, 17312, 17312, 17312, 17312, 17375, 17375, 17469, 17469, 17562, 17562, 17656, 17656, 17656, 17656, 17687, 17687, 17781, 17781, 17797, 17797, 17875, 17875, 17890, 17890, 17890, 17890, 17890, 17890, 17922, 17922, 17969, 17969, 18203, 18203, 18203, 18203, 18219, 18219, 18265, 18265, 18312, 18312, 18375, 18375, 18531, 18531, 18640, 18640, 18656, 18656, 18656, 18656, 18687, 18687, 18750, 18750, 18797, 18797, 18828, 18828, 18828, 18828, 18844, 18844, 18859, 18859, 18906, 18906, 18922, 18922, 18937, 18937, 19219, 19219, 19297, 19297, 19297, 19297, 19375, 19375, 19390, 19390, 19390, 19390, 19422, 19422, 19484, 19484, 19562, 19562, 19594, 19594, 19609, 19609, 19656, 19656, 19687, 19687, 19781, 19781, 19781, 19781, 19844, 19844, 19875, 19875, 19937, 19937, 19984, 19984, 20000, 20000, 20187, 20187, 20359, 20359, 20406, 20406, 20406, 20406, 20422, 20422, 20437, 20437, 20469, 20469, 20531, 20531, 20531, 20531, 20547, 20547, 20562, 20562, 20578, 20578, 20609, 20609, 20687, 20687, 20719, 20719, 20765, 20765, 20969, 20969, 21015, 21015, 21047, 21047, 21094, 21094, 21125, 21125, 21203, 21203, 21344, 21344, 21344, 21344, 21359, 21359, 21422, 21422, 21437, 21437, 21500, 21500, 21500, 21500, 21547, 21547, 21578, 21578, 21578, 21578, 21578, 21578, 21640, 21640, 21656, 21656, 21703, 21703, 21734, 21734, 21859, 21859, 22109, 22109, 22140, 22140, 22187, 22187, 22203, 22203, 22219, 22219, 22297, 22297, 22328, 22328, 22328, 22328, 22359, 22359, 22422, 22422, 22531, 22531, 22562, 22562, 22562, 22562, 22734, 22734, 22781, 22781, 22781, 22781, 22781, 22781, 22797, 22797, 22812, 22812, 22844, 22844, 22937, 22937, 22969, 22969, 23015, 23015, 23015, 23015, 23031, 23031, 23031, 23031, 23203, 23219, 23234, 23375, 23422, 23422, 23609, 23609, 23625, 23625, 23672, 23672, 23703, 23703, 23828, 23828, 23844, 23859, 23859, 23890, 23906, 23906, 23922, 24125, 24125, 24187, 24265, 24265, 24312, 24359, 24500, 24640, 24656, 24703, 24890, 25078, 25140, 25156, 25265, 25437];
